|0000|006|0|||01012026|31012026|CAMPOS LABS SERVICOS SINTETICOS LTDA|99999999000191|SP|3550308||00|1|
|0001|0|
|0110|1|1|1||
|0140|EST_SP|CAMPOS LABS SERVICOS SINTETICOS LTDA|99999999000191|SP||3550308|||
|0150|CLI_A|CLIENTE ALFA SINTETICO LTDA|01058|11111111000191|||3550308||RUA CLIENTE ALFA|100||CENTRO|
|0150|CLI_B|CLIENTE BETA SINTETICO LTDA|01058|22222222000191|||3550308||RUA CLIENTE BETA|200||CENTRO|
|0150|FORN_REG|FORNECEDOR REGULAR SINTETICO LTDA|01058|33333333000191|||3550308||RUA FORNECEDOR REGULAR|300||CENTRO|
|0150|FORN_SIMPLE|FORNECEDOR SIMPLES SINTETICO LTDA|01058|44444444000191|||3550308||RUA FORNECEDOR SIMPLES|400||CENTRO|
|0190|UN|UNIDADE|
|0200|SVC_SOFTWARE|LICENCIAMENTO OU CESSAO DE DIREITO DE USO DE SOFTWARE|||UN|09||||||
|0200|SVC_SUPPORT|SUPORTE TECNICO EM INFORMATICA|||UN|09||||||
|0200|SVC_CONSULTING|ASSESSORIA E CONSULTORIA|||UN|09||||||
|0500|01012026|04|A|3|3.01.01|RECEITA DE SERVICOS|||
|0500|01012026|04|A|3|4.01.01|CUSTOS E SERVICOS CONTRATADOS|||
|0990|15|
|A001|0|
|A010|99999999000191|
|A100|1|0|CLI_A|00|SYN||1001|35503082299999999000191000000000100126011234567890|05012026|05012026|100000,00|1|0|100000,00|1650,00|100000,00|7600,00|0|0|2900,00|
|A170|1|SVC_SOFTWARE|LICENCA DE SOFTWARE - CENARIO SINTETICO|100000,00|0|||01|100000,00|1,65|1650,00|01|100000,00|7,60|7600,00|3.01.01||
|A100|1|0|CLI_B|00|SYN||1002|35503082299999999000191000000000100226011234567894|12012026|12012026|50000,00|0|0|50000,00|825,00|50000,00|3800,00|0|0|1450,00|
|A170|1|SVC_SUPPORT|SUPORTE TECNICO - CENARIO SINTETICO|50000,00|0|||01|50000,00|1,65|825,00|01|50000,00|7,60|3800,00|3.01.01||
|A100|0|1|FORN_REG|00|SYN||2001|35503082233333333000191000000000200126011234567899|15012026|15012026|40000,00|1|0|40000,00|660,00|40000,00|3040,00|0|0|2000,00|
|A170|1|SVC_CONSULTING|CONSULTORIA UTILIZADA COMO INSUMO - CENARIO SINTETICO|40000,00|0|03|0|50|40000,00|1,65|660,00|50|40000,00|7,60|3040,00|4.01.01||
|A100|0|1|FORN_SIMPLE|00|SYN||2002|35503082244444444000191000000000200226011234567892|20012026|20012026|20000,00|0|0|0|0|0|0|0|0|0|
|A170|1|SVC_SUPPORT|SUPORTE SEM CREDITO NO BASELINE - CENARIO SINTETICO|20000,00|0||0|70||||70||||4.01.01||
|A100|1|0|CLI_A|02|SYN||1003||||||||||||||
|A990|12|
|C001|1|
|C990|2|
|D001|1|
|D990|2|
|F001|1|
|F990|2|
|I001|1|
|I990|2|
|M001|0|
|M100|101|0|40000,00|1,6500|||660,00|0|0|0|660,00|0|660,00|0|
|M105|03|50|40000,00|0|40000,00|40000,00|||SERVICOS COMO INSUMO|
|M200|2475,00|660,00|0|1815,00|0|0|1815,00|0|0|0|0|1815,00|
|M205|08|691201|1815,00|
|M210|01|150000,00|150000,00|0|0|150000,00|1,6500|||2475,00|0|0|0|0|2475,00|
|M500|101|0|40000,00|7,6000|||3040,00|0|0|0|3040,00|0|3040,00|0|
|M505|03|50|40000,00|0|40000,00|40000,00|||SERVICOS COMO INSUMO|
|M600|11400,00|3040,00|0|8360,00|0|0|8360,00|0|0|0|0|8360,00|
|M605|08|585601|8360,00|
|M610|01|150000,00|150000,00|0|0|150000,00|7,6000|||11400,00|0|0|0|0|11400,00|
|M990|12|
|P001|1|
|P990|2|
|1001|1|
|1990|2|
|9001|0|
|9900|0000|1|
|9900|0001|1|
|9900|0110|1|
|9900|0140|1|
|9900|0150|4|
|9900|0190|1|
|9900|0200|3|
|9900|0500|2|
|9900|0990|1|
|9900|A001|1|
|9900|A010|1|
|9900|A100|5|
|9900|A170|4|
|9900|A990|1|
|9900|C001|1|
|9900|C990|1|
|9900|D001|1|
|9900|D990|1|
|9900|F001|1|
|9900|F990|1|
|9900|I001|1|
|9900|I990|1|
|9900|M001|1|
|9900|M100|1|
|9900|M105|1|
|9900|M200|1|
|9900|M205|1|
|9900|M210|1|
|9900|M500|1|
|9900|M505|1|
|9900|M600|1|
|9900|M605|1|
|9900|M610|1|
|9900|M990|1|
|9900|P001|1|
|9900|P990|1|
|9900|1001|1|
|9900|1990|1|
|9900|9001|1|
|9900|9900|42|
|9900|9990|1|
|9900|9999|1|
|9990|45|
|9999|96|
