|0000|020|0|01012026|31012026|CAMPOS LABS INDUSTRIA SINTETICA LTDA|99999999000191||SP|123456789112|3548708|||A|0|
|0001|0|
|0005|CAMPOS LABS TESTE|09876543|RUA DOS TESTES|100|SALA 1|CENTRO|1133334444||fiscal@example.invalid|
|0150|FORN_A|FORNECEDOR ALFA SINTETICO|01058|11111111000191||110042490114|3548708||RUA ALFA|10||CENTRO|
|0150|FORN_B|FORNECEDOR BETA SINTETICO|01058|22222222000191||110042490115|3548708||RUA BETA|20||CENTRO|
|0150|FORN_C|FORNECEDOR GAMA SINTETICO|01058|33333333000191||110042490116|3548708||RUA GAMA|30||CENTRO|
|0150|CLI_A|CLIENTE ALFA SINTETICO|01058|44444444000191||110042490117|3548708||RUA CLIENTE A|40||CENTRO|
|0150|CLI_B|CLIENTE BETA SINTETICO|01058|55555555000191||110042490118|3548708||RUA CLIENTE B|50||CENTRO|
|0190|UN|UNIDADE|
|0200|ITEM_GEN_ALTO|ITEM COM NCM GENERICO E ALTO VALOR|||UN|00|99999999||||18,00||
|0200|ITEM_GEN_BAIXO|ITEM COM NCM GENERICO ABAIXO DO LIMITE|||UN|00|99999999||||18,00||
|0200|ITEM_GEN_LIMITE|ITEM COM NCM GENERICO NO LIMITE|||UN|00|99999999||||18,00||
|0200|ITEM_GEN_CANCEL|ITEM COM NCM GENERICO EM DOCUMENTO CANCELADO|||UN|00|99999999||||18,00||
|0200|ITEM_NORMAL|ITEM COM NCM ESPECIFICO|||UN|00|84713012||||18,00||
|0200|PROD_ACAB_A|PRODUTO ACABADO A|||UN|04|85044090||||18,00||
|0200|PROD_ACAB_B|PRODUTO ACABADO B|||UN|04|85044090||||18,00||
|0990|17|
|B001|1|
|B990|2|
|C001|0|
|C100|1|0|CLI_A|55|00|1|1001|35260199999999000191550010000010011000000011|02012026|02012026|30000,00|0|0|0|30000,00|9|0|0|0|30000,00|5400,00|0|0|0|0|0|0|0|
|C190|000|5102|18,00|30000,00|30000,00|5400,00|0|0|0|0||
|C100|1|0|CLI_A|55|00|1|1002|35260199999999000191550010000010021000000011|03012026|03012026|30000,00|0|0|0|30000,00|9|0|0|0|30000,00|5400,00|0|0|0|0|0|0|0|
|C190|000|5102|18,00|30000,00|30000,00|5400,00|0|0|0|0||
|C100|1|0|CLI_A|55|00|1|1003|35260199999999000191550010000010031000000011|04012026|04012026|40000,00|0|0|0|40000,00|9|0|0|0|40000,00|7200,00|0|0|0|0|0|0|0|
|C190|000|6102|18,00|40000,00|40000,00|7200,00|0|0|0|0||
|C100|1|0|CLI_A|55|00|1|1004|35260199999999000191550010000010041000000011|05012026|05012026|20000,00|0|0|0|20000,00|9|0|0|0|0|0|0|0|0|0|0|0|0|
|C190|060|5405|0|20000,00|0|0|0|0|0|0||
|C100|1|0|CLI_A|55|00|1|1005|35260199999999000191550010000010051000000011|06012026|06012026|15000,00|0|0|0|15000,00|9|0|0|0|10000,00|1800,00|0|0|0|0|0|0|0|
|C190|040|5949|0|5000,00|0|0|0|0|0|0||
|C190|000|5102|18,00|10000,00|10000,00|1800,00|0|0|0|0||
|C100|1|0|CLI_A|55|02|1|2001|35260199999999000191550010000020011000000011|07012026|07012026|900000,00|0|0|0|900000,00|9|0|0|0|900000,00|162000,00|0|0|0|0|0|0|0|
|C190|000|5102|18,00|900000,00|900000,00|162000,00|0|0|0|0||
|C100|1|0|CLI_A|55|03|1|2002|35260199999999000191550010000020021000000011|07012026|07012026|0|0|0|0|0|9|0|0|0|0|0|0|0|0|0|0|0|0|
|C100|1|0|CLI_A|55|04|1|2003|35260199999999000191550010000020031000000011|07012026|07012026|0|0|0|0|0|9|0|0|0|0|0|0|0|0|0|0|0|0|
|C100|1|0|CLI_A|55|05|1|2004|35260199999999000191550010000020041000000011|07012026|07012026|0|0|0|0|0|9|0|0|0|0|0|0|0|0|0|0|0|0|
|C100|1|0|CLI_A|55|00|2|2001|35260199999999000191550020000020011000000011|08012026|08012026|1,00|0|0|0|1,00|9|0|0|0|0|0|0|0|0|0|0|0|0|
|C190|040|5949|0|1,00|0|0|0|0|0|0||
|C100|0|1|FORN_A|55|00|1|3001|35260199999999000191550010000030011000000011|10012026|10012026|35000,00|0|0|0|35000,00|9|0|0|0|35000,00|6300,00|0|0|0|0|0|0|0|
|C170|1|ITEM_GEN_ALTO||1,000|UN|15000,00|0|0|000|1102||15000,00|18,00|2700,00|0|0|0|0|49|999|0|0|0|98|0|0|0|0|0|98|0|0|0|0|0||0|
|C170|2|ITEM_NORMAL||1,000|UN|20000,00|0|0|000|1102||20000,00|18,00|3600,00|0|0|0|0|49|999|0|0|0|98|0|0|0|0|0|98|0|0|0|0|0||0|
|C190|000|1102|18,00|35000,00|35000,00|6300,00|0|0|0|0||
|C100|0|1|FORN_A|55|00|1|3002|35260199999999000191550010000030021000000011|11012026|11012026|25000,00|0|0|0|25000,00|9|0|0|0|16000,00|2880,00|0|0|0|0|0|0|0|
|C170|1|ITEM_GEN_BAIXO||1,000|UN|9999,99|0|0|040|1556||0|0|0|0|0|0|0|49|999|0|0|0|98|0|0|0|0|0|98|0|0|0|0|0||0|
|C170|2|ITEM_GEN_LIMITE||1,000|UN|10000,00|0|0|000|1556||1000,00|18,00|180,00|0|0|0|0|49|999|0|0|0|98|0|0|0|0|0|98|0|0|0|0|0||0|
|C170|3|ITEM_NORMAL||1,000|UN|5000,01|0|0|000|1102||15000,00|18,00|2700,00|0|0|0|0|49|999|0|0|0|98|0|0|0|0|0|98|0|0|0|0|0||0|
|C190|000|1556|18,00|10000,00|1000,00|180,00|0|0|0|0||
|C190|000|1102|18,00|15000,00|15000,00|2700,00|0|0|0|0||
|C100|0|1|FORN_B|55|00|1|3003|35260199999999000191550010000030031000000011|12012026|12012026|25000,00|0|0|0|25000,00|9|0|0|0|26366,67|4746,00|0|0|0|0|0|0|0|
|C170|1|ITEM_NORMAL||1,000|UN|25000,00|0|0|000|2102||25000,00|18,00|4500,00|0|0|0|0|49|999|0|0|0|98|0|0|0|0|0|98|0|0|0|0|0||0|
|C190|000|2556|18,00|3000,00|1666,67|300,00|0|0|0|0||
|C190|000|2102|18,00|22000,00|24700,00|4446,00|0|0|0|0||
|C100|0|1|FORN_C|55|00|1|3004|35260199999999000191550010000030041000000011|13012026|13012026|15000,00|0|0|0|15000,00|9|0|0|0|0|0|0|0|0|0|0|0|0|
|C170|1|ITEM_NORMAL||1,000|UN|15000,00|0|0|040|1556||0|0|0|0|0|0|0|49|999|0|0|0|98|0|0|0|0|0|98|0|0|0|0|0||0|
|C190|040|1556|0|15000,00|0|0|0|0|0|0||
|C100|0|1|FORN_A|55|02|1|3005|35260199999999000191550010000030051000000011|14012026|14012026|100000,00|0|0|0|100000,00|9|0|0|0|5000,00|900,00|0|0|0|0|0|0|0|
|C170|1|ITEM_GEN_CANCEL||1,000|UN|80000,00|0|0|000|1556||5000,00|18,00|900,00|0|0|0|0|49|999|0|0|0|98|0|0|0|0|0|98|0|0|0|0|0||0|
|C170|2|ITEM_NORMAL||1,000|UN|20000,00|0|0|040|1102||0|0|0|0|0|0|0|49|999|0|0|0|98|0|0|0|0|0|98|0|0|0|0|0||0|
|C190|000|1556|18,00|100000,00|5000,00|900,00|0|0|0|0||
|C100|1|0|CLI_A|55|00|1|4001|35260199999999000191550010000040011000000011|15012026|15012026|1,00|0|0|0|1,00|9|0|0|0|0|0|0|0|0|0|0|0|0|
|C190|040|5949|0|1,00|0|0|0|0|0|0||
|C100|1|0|CLI_A|55|00|1|4001|35260199999999000191550010000040011000000011|15012026|15012026|1,00|0|0|0|1,00|9|0|0|0|0|0|0|0|0|0|0|0|0|
|C190|040|5949|0|1,00|0|0|0|0|0|0||
|C100|1|0|CLI_A|55|00|2|4001|35260199999999000191550020000040011000000011|15012026|15012026|1,00|0|0|0|1,00|9|0|0|0|0|0|0|0|0|0|0|0|0|
|C190|040|5949|0|1,00|0|0|0|0|0|0||
|C100|1|0|CLI_B|55|00|1|4001|35260199999999000191550010000040012000000011|15012026|15012026|1,00|0|0|0|1,00|9|0|0|0|0|0|0|0|0|0|0|0|0|
|C190|040|5949|0|1,00|0|0|0|0|0|0||
|C100|1|0|CLI_A|55|00|1|4001|35260199999999000191550010000040013000000011|16012026|16012026|1,00|0|0|0|1,00|9|0|0|0|0|0|0|0|0|0|0|0|0|
|C190|040|5949|0|1,00|0|0|0|0|0|0||
|C100|1|0|CLI_A|55|00|A|5001|35260199999999000191550010000050011000000011|17012026|17012026|1,00|0|0|0|1,00|9|0|0|0|0|0|0|0|0|0|0|0|0|
|C190|040|5949|0|1,00|0|0|0|0|0|0||
|C100|1|0|CLI_A|55|00|A|5002|35260199999999000191550010000050021000000011|17012026|17012026|1,00|0|0|0|1,00|9|0|0|0|0|0|0|0|0|0|0|0|0|
|C190|040|5949|0|1,00|0|0|0|0|0|0||
|C100|1|0|CLI_A|55|00|A|5004|35260199999999000191550010000050041000000011|17012026|17012026|1,00|0|0|0|1,00|9|0|0|0|0|0|0|0|0|0|0|0|0|
|C190|040|5949|0|1,00|0|0|0|0|0|0||
|C100|1|0|CLI_A|55|00|B|6001|35260199999999000191550010000060011000000011|18012026|18012026|1,00|0|0|0|1,00|9|0|0|0|0|0|0|0|0|0|0|0|0|
|C190|040|5949|0|1,00|0|0|0|0|0|0||
|C100|1|0|CLI_A|55|02|B|6002|35260199999999000191550010000060021000000011|18012026|18012026|0|0|0|0|0|9|0|0|0|0|0|0|0|0|0|0|0|0|
|C100|1|0|CLI_A|55|00|B|6003|35260199999999000191550010000060031000000011|18012026|18012026|1,00|0|0|0|1,00|9|0|0|0|0|0|0|0|0|0|0|0|0|
|C190|040|5949|0|1,00|0|0|0|0|0|0||
|C100|1|0|CLI_A|55|00|C|7001|35260199999999000191550010000070011000000011|19012026|19012026|1,00|0|0|0|1,00|9|0|0|0|0|0|0|0|0|0|0|0|0|
|C190|040|5949|0|1,00|0|0|0|0|0|0||
|C100|1|0|CLI_A|55|02|C|7002|35260199999999000191550010000070021000000011|19012026|19012026|0|0|0|0|0|9|0|0|0|0|0|0|0|0|0|0|0|0|
|C100|1|0|CLI_A|55|00|C|7004|35260199999999000191550010000070041000000011|19012026|19012026|1,00|0|0|0|1,00|9|0|0|0|0|0|0|0|0|0|0|0|0|
|C190|040|5949|0|1,00|0|0|0|0|0|0||
|C100|1|0|CLI_A|55|00|D|8001|35260199999999000191550010000080011000000011|20012026|20012026|1,00|0|0|0|1,00|9|0|0|0|0|0|0|0|0|0|0|0|0|
|C190|040|5949|0|1,00|0|0|0|0|0|0||
|C100|0|1|FORN_B|55|00|D|8002|35260199999999000191550010000080021000000011|20012026|20012026|1,00|0|0|0|1,00|9|0|0|0|0|0|0|0|0|0|0|0|0|
|C190|040|1102|0|1,00|0|0|0|0|0|0||
|C100|1|0|CLI_A|55|00|D|8003|35260199999999000191550010000080031000000011|20012026|20012026|1,00|0|0|0|1,00|9|0|0|0|0|0|0|0|0|0|0|0|0|
|C190|040|5949|0|1,00|0|0|0|0|0|0||
|C990|73|
|D001|1|
|D990|2|
|E001|1|
|E990|2|
|G001|1|
|G990|2|
|H001|1|
|H990|2|
|K001|0|
|K100|01012026|31012026|
|K230|05012026|05012026|OP001|PROD_ACAB_A|10,000000|
|K230|05012026|05012026|OP002|PROD_ACAB_A|20,000000|
|K230|10012026|10012026|OP003|PROD_ACAB_B|30,000000|
|K230|15012026|15012026|OP004|PROD_ACAB_A|15,000000|
|K230|15012026|15012026|OP004|PROD_ACAB_B|5,000000|
|K230|15012026|15012026|OP005|PROD_ACAB_A|12,000000|
|K990|9|
|1001|1|
|1990|2|
|9001|0|
|9900|0000|1|
|9900|0001|1|
|9900|0005|1|
|9900|0150|5|
|9900|0190|1|
|9900|0200|7|
|9900|0990|1|
|9900|B001|1|
|9900|B990|1|
|9900|C001|1|
|9900|C100|32|
|9900|C170|9|
|9900|C190|30|
|9900|C990|1|
|9900|D001|1|
|9900|D990|1|
|9900|E001|1|
|9900|E990|1|
|9900|G001|1|
|9900|G990|1|
|9900|H001|1|
|9900|H990|1|
|9900|K001|1|
|9900|K100|1|
|9900|K230|6|
|9900|K990|1|
|9900|1001|1|
|9900|1990|1|
|9900|9001|1|
|9900|9900|32|
|9900|9990|1|
|9900|9999|1|
|9990|35|
|9999|146|
